******************************************************
Matriz A:

   8.00     9.00     0.00     8.00     0.00   
   3.00     0.00     3.00     0.00     6.00   
   2.00     5.00     0.00     3.00     8.00   
   7.00     0.00     8.00     9.00     0.00   
   3.00     4.00     8.00     5.00     7.00   
******************************************************
******************************************************
Matriz B:

  3.00     6.00     0.00     1.00     6.00   
  7.00     2.00     3.00     3.00     8.00   
  1.00     0.00     3.00     0.00     9.00   
  1.00     2.00     4.00     7.00     3.00   
  8.00     7.00     6.00     6.00     7.00   
******************************************************
******************************************************
Matriz AB, resultante:

 95.00    82.00    59.00    91.00   144.00   
 60.00    60.00    45.00    39.00    87.00   
108.00    84.00    75.00    86.00   117.00   
 38.00    60.00    60.00    70.00   141.00   
106.00    85.00    98.00    92.00   186.00   
******************************************************
