******************************************************
Matriz A:

   4.00     6.00     4.00     4.00     3.00   
   4.00     5.00     9.00     0.00     0.00   
   5.00     6.00     2.00     1.00     6.00   
   0.00     4.00     4.00     2.00     0.00   
   1.00     9.00     2.00     7.00     1.00   
******************************************************
******************************************************
Matriz B:

  2.00     4.00     1.00     1.00     6.00   
  4.00     6.00     5.00     9.00     7.00   
  7.00     9.00     6.00     0.00     1.00   
  8.00     1.00     5.00     2.00     0.00   
  7.00     0.00     6.00     5.00     4.00   
******************************************************
******************************************************
Matriz AB, resultante:

113.00    92.00    96.00    81.00    82.00   
 91.00   127.00    83.00    49.00    68.00   
 98.00    75.00    88.00    91.00    98.00   
 60.00    62.00    54.00    40.00    32.00   
115.00    83.00    99.00   101.00    75.00   
******************************************************
